phiqs:0,45,90
#values taken are for the right side only, not averaged
wez0:211.815948449456,81.6610559006211,211.16771949748,99.5831568757941,224.225063766949,72.9028025477707,72.9028025477707,169.805754930488,53.3009462961847,97.8924670565852,33.5006619009796,129.556166485519
wez_fac0:10**(-6)
delr0:70*10**(-6)
wez90:68.4365100143998,229.023358360148,100.35451154878,218.242310761864,96.571852042789,209.228327692201,209.228327692201,65.4576671389058,167.358995497495,51.0093779306033,100.068840801815,50.0103571902802
wez_fac90:10**(-6)
delr90:70*10**(-6)











