phiqs:0,45,90
#values taken are averaged, from bottom to top
wez0:114.936576945208,31.9581347630394,103.09460221267,47.710656379965,157.366117038474,61.2919585987261,61.2919585987261,187.291649885891,70.0507592715833,179.740116402868,62.3386956521739,163.869714055578
cut0:106.46,108.275,103.655,90.455,112.075,126.925,126.925,129.565,149.21,180.405,224.64,297.595
fac0:10**(-6)
wez90:None,108.824863605713,48.1711159737418,170.859851607584,67.378499628955,199.553066933757,199.553066933757,80.6192486145122,208.444011295967,74.6448668455146,183.940680491002,None
cut90:None,91.935,78.9,77.25,84.84,93.585,93.585,107.285,116.365,147.725,201.035,None
fac90:10**(-6)

