phiqs:0,45,90
#values taken are for the right side only, not averaged
wez0:163.869714055578,62.3386956521739,179.740116402868,70.0507592715833,187.291649885891,61.2919585987261,61.2919585987261,157.366117038474,47.710656379965,103.09460221267,31.9581347630394,114.936576945208
cut0:297.595,224.64,180.405,149.21,129.565,126.925,126.925,112.075,90.455,103.655,108.275,106.46
fac0:10**(-6)
wez90:None,183.940680491002,74.6448668455146,208.444011295967,80.6192486145122,199.553066933757,199.553066933757,67.378499628955,170.859851607584,48.1711159737418,108.824863605713,None
cut90:None,201.035,147.725,116.365,107.285,93.585,93.585,84.84,77.25,78.9,91.935,None
fac90:10**(-6)

