phiqs:0,45,90
#values taken are for the right side only, not averaged
wez0:211.815948449456,81.6610559006211,211.16771949748,99.5831568757941,224.225063766949,72.9028025477707,72.9028025477707,169.805754930488,53.3009462961847,97.8924670565852,33.5006619009796,129.556166485519
cut0:297.595,224.64,180.405,149.21,129.565,126.925,126.925,112.075,90.455,103.655,108.275,106.46
fac0:10**(-6)
wez90:None,229.023358360148,100.35451154878,218.242310761864,96.571852042789,209.228327692201,209.228327692201,65.4576671389058,167.358995497495,51.0093779306033,100.068840801815,None
cut90:None,201.035,147.725,116.365,107.285,93.585,84.84,77.25,78.9,91.935,None
fac90:10**(-6)











